clap = [[3.7596373522424233, 53.58974136378919, 0.5789358841230564, 0.312646066785399, 0.055404243955262465, 0.025422377829792623, 0.019376812132067524, 0.0027214596673952097, 0.0008013996145041038, 0.002072461206500835, 0.0020099763918085423, 0.0005909621366657574],
[3.8075672749337937, 54.53779416849333, 0.5787666026274124, 0.3088994863561324, 0.05611002514309263, 0.02559771772811639, 0.019942717047184123, 0.0034368137576197212, 0.0013179213698167212, 0.0025342078959990437, 0.002394186378703603, 0.0009642381331695076],
[1.7670900870030677, 18.318378617124054, 0.564570237289518, 0.3245455301782238, 0.059568612508793715, 0.02328305138296229, 0.018622567465488887, 0.0037760356394134285, 0.0006809648722641779, 0.002065318203939605, 0.0021209635848199564, 0.0007427461790791083],
[2.453380020303663, 23.227347890106213, 0.5586249051073489, 0.3256939678565166, 0.0652302098816353, 0.02275884905538278, 0.015081353084944916, 0.00634945710281385, 0.0007266766650909341, 0.0017513973008858282, 0.0025483780192994683, 0.0012121099216552092],
[1.602848051522393, 12.795414164346898, 0.5535323420279894, 0.33366296327454376, 0.06666353268037863, 0.020880873405749803, 0.013664051110338712, 0.006083497958475148, 0.0007873516295986181, 0.0014496086094325147, 0.002197588748159355, 0.001065394295890972],
[1.5083927531996408, 10.73124953127397, 0.5533290764799936, 0.3462453270452899, 0.06762624309455624, 0.014428022341421353, 0.00977355339095775, 0.005152359801215936, 0.000854983374395382, 0.0006867561060435114, 0.0012430212267746069, 0.000659738782581481],
[3.843265086532989, 22.189985025823, 0.38283303853917555, 0.26223989449205615, 0.08668969421481992, 0.04120417299874451, 0.03805125717201554, 0.03763067633356879, 0.037483903954647006, 0.03743872669662267, 0.03731041883509711, 0.037257184065788665],
[10.760323604621657, 19.000268667543377, 0.1501620155821192, 0.12594068806841227, 0.09748674400427107, 0.08953639367718288, 0.08904130420211714, 0.08859290354999529, 0.08874056436433694, 0.08872328979288911, 0.08868979194244214, 0.08866724788295557],
[8.415682342676998, 12.048573088038806, 0.16080975171819697, 0.13522792739301695, 0.09544380625479246, 0.09155280209352347, 0.08699656284472804, 0.08495836702154225, 0.08526248498679984, 0.08513943020068689, 0.0851918147848888, 0.08516448997199037],
[1.4836698698707067, 3.312549495582043, 0.3379643836595208, 0.26352541228067344, 0.09254871064004859, 0.05725820996898617, 0.04441353822844908, 0.04032865580137944, 0.040527082946117406, 0.04045338644769085, 0.04051581929897368, 0.04047383720056316],
[0.7923486636352173, 2.368154787881774, 0.5342700488833, 0.33557576889878515, 0.08448427024636888, 0.017782504732264805, 0.0055276361856654126, 0.0048296099858731074, 0.005430110287314224, 0.004691136323217604, 0.0038505743250012467, 0.0033859883704698075],
[3.3197223510269858, 8.10455236824623, 0.25279053034998383, 0.20981798644732522, 0.11143993421511501, 0.06745973346739706, 0.05904520466132236, 0.05913414782143034, 0.05977117019021541, 0.05954769071513883, 0.05910508639808852, 0.05898549426566419],
[11.830995923333608, 10.00031052689022, 0.12754794120460233, 0.12184756907918667, 0.10242007422371079, 0.09288033241798488, 0.09131532665567109, 0.09183481895029656, 0.09198092820861856, 0.09182886488015525, 0.09187944925519531, 0.09215825264537478],
[13.22584424308065, 26.530875543050325, 0.14756547924307434, 0.12630111357416338, 0.10449253180544425, 0.09079288695870744, 0.08916109426246022, 0.08683689378187771, 0.08810000215290324, 0.08718986773769222, 0.08727523262605259, 0.08903231063020338],
[6.334676995864752, 20.829178881552735, 0.17235410648234983, 0.13240698403301063, 0.09698024922208931, 0.08625257187176659, 0.08929461859912118, 0.08155517807788226, 0.08617541347596501, 0.08348786475271687, 0.0820089744250019, 0.0885391163917519],
[6.824540765188153, 10.849909677418454, 0.12283926633653831, 0.12049720981675378, 0.09946891251516857, 0.0942639273093818, 0.09594475222296125, 0.09067389130178499, 0.09405572965321098, 0.09297793041948015, 0.09153674617537066, 0.0950351994295242],
[8.421153012574912, 10.932077176275097, 0.115461576317385, 0.13270313883399154, 0.101030709785737, 0.0935282318975677, 0.09201258102507474, 0.09247155540035978, 0.09166005983746131, 0.09260459814498738, 0.09169961987775702, 0.09217008342544335],
[2.921203821427714, 4.136756484083595, 0.18628127951075038, 0.19289897457153302, 0.10278235151413136, 0.07697675205358713, 0.07258299909669104, 0.07375932152910897, 0.07234484489651305, 0.07368882536917266, 0.07232562098981368, 0.07299021330999038],
[0.3875516995105128, 0.44492781061656994, 0.4695686355695235, 0.2398091684811195, 0.09029884281617882, 0.0400252957649946, 0.03103670288154655, 0.02772015337447029, 0.02611371464270446, 0.026037273288736063, 0.024691190757035134, 0.024522496154386026],
[0.3889805556866986, 0.5486582491371164, 0.588934242351615, 0.21385553920435535, 0.052432182498807024, 0.03200288384872408, 0.028128503166237703, 0.019917743797419535, 0.018190832955089633, 0.016201391352337058, 0.015150041683939441, 0.01443053947291596],
[1.3163444254007945, 1.2998242852098336, 0.2944758177116796, 0.14437021825791105, 0.080192744311413, 0.07304384438689497, 0.0723363285391032, 0.06739843854748154, 0.06643309207973143, 0.06558284583590218, 0.0650130096579519, 0.06491127414087337],
[7.861353415590344, 8.48035773343701, 0.11148524898204126, 0.09755091552426645, 0.09757903392757283, 0.09721313748835471, 0.09761659302073802, 0.09778791897577552, 0.09789959055264998, 0.09821594201514929, 0.09834483909520984, 0.098506359086302],
[5.908670151919681, 13.543887498541077, 0.17334822773023986, 0.09652304819092872, 0.09065354434093247, 0.08848784699116305, 0.08959186417645358, 0.09221645394183882, 0.0913979041975118, 0.08872046272341323, 0.09177805547258916, 0.09344036391059209],
[6.719395241552791, 17.196031111777287, 0.16899725499464127, 0.09518663419452551, 0.08567973685143696, 0.10027974207516926, 0.09044434564901821, 0.0922368859290807, 0.09351383580049114, 0.08404442751141947, 0.09217792556181625, 0.08987687916689356],
[10.672605291438213, 41.27014716439906, 0.15616650027848633, 0.09788449677650267, 0.09021647689612318, 0.0934028254035516, 0.09541670096231909, 0.09568893046045582, 0.09490243028064116, 0.09218056776058466, 0.08879901307553448, 0.08654676346813411],
[7.774847757251479, 24.90145563913246, 0.1855233378416972, 0.11514414799235724, 0.0942500933739142, 0.09133174644645146, 0.09210146411307701, 0.09086102129408229, 0.0876962395953159, 0.08240883671867548, 0.07721490456970256, 0.07355750755678565],
[35.57773372493262, 262.2792866680872, 0.1230756140804011, 0.11147193969740295, 0.1138291304661392, 0.10952826769000566, 0.10467487906692892, 0.0971577215151112, 0.09016266518225526, 0.0836159189524171, 0.08109199290658191, 0.08050599512179384],
[31.86819779269529, 183.79017684076757, 0.1259062383920217, 0.09159346834902056, 0.09851057437091783, 0.09650504825194085, 0.09786047313842701, 0.09531871040661082, 0.09450607688614163, 0.09626232975944346, 0.09895180741037937, 0.10033997871620885],
[8.851765748396312, 37.39092767600866, 0.19567458127106765, 0.09638062073855017, 0.08826829601569641, 0.08346606429560578, 0.08531437316464326, 0.08840750189417862, 0.085110712593631, 0.09106209100339252, 0.09095440642995069, 0.09265782984615212],
[8.846768153390068, 61.06312556197759, 0.27689323645392944, 0.11263574399056046, 0.0848139204490607, 0.076184826947873, 0.07522366474880561, 0.07404682054255016, 0.07397388494422874, 0.07364754552717385, 0.07500733587743073, 0.0749855841611439],
[7.305021902151399, 101.5712682410886, 0.39167459110844527, 0.16306432257213993, 0.09854991809387911, 0.07592069347854685, 0.06487381009901723, 0.05465210580400177, 0.044744293398934536, 0.03954912196404051, 0.034734289562598365, 0.029555476643406357],
[13.802763040272172, 76.5186749038999, 0.18204765430179817, 0.17100077088606716, 0.14102447734152782, 0.12099029300057183, 0.10564949767382574, 0.08361497716553427, 0.06607831290428438, 0.053742001568621675, 0.04040686708259991, 0.033085369704467],
[13.607230262640678, 68.92900295676932, 0.17743450503591426, 0.16469119215905612, 0.13395509821028626, 0.11625855193414734, 0.10419857190365918, 0.08405353175642259, 0.0680832348218511, 0.059261746879039755, 0.047270929991752475, 0.04191051540744654],
[8.158301933521248, 42.717482694856244, 0.17008356999258717, 0.1162304963415147, 0.13010666402073331, 0.10931057840673425, 0.09244818054510856, 0.09810729537374818, 0.07204649900137863, 0.07392299561633435, 0.0674029569366861, 0.06313289231508483],
[18.931319847348114, 125.63761547835007, 0.1463642675793918, 0.1010062066472401, 0.11916795685686325, 0.10792725218001051, 0.09226547926554611, 0.10142817809807912, 0.08216747917744602, 0.08561810120545008, 0.08087758606236209, 0.07734951906107183],
[18.821093642977, 101.16850179396201, 0.14222594716655326, 0.09581729435158146, 0.11209545468649201, 0.1058559871484125, 0.09279133577011213, 0.10018009445216075, 0.0860788580791304, 0.09021812311316088, 0.08541946364071218, 0.08288471535326837],
[12.545013665995818, 19.494574496156464, 0.12919554846726605, 0.10839590494140794, 0.09452929826673101, 0.0991812530399658, 0.09521706744636127, 0.09304978248296256, 0.09369743453230342, 0.09552817186652623, 0.09236409206532764, 0.09234070850577787],
[13.111587777637546, 19.60940621385524, 0.14280300708130383, 0.1159914555378968, 0.09363646127411783, 0.0936755306897422, 0.09181958402131817, 0.0915058309142735, 0.09153308570370029, 0.09167294548832629, 0.09115108419217076, 0.09124729137061866],
[7.071237716743197, 15.965968735897704, 0.12102977468554486, 0.1277761261849367, 0.08970247748192352, 0.09979057100836829, 0.10628709123540939, 0.09160247327478382, 0.10229704940509896, 0.08477472694785236, 0.09072315499485728, 0.08048941315616859],
[27.462683612688124, 97.78836301671717, 0.0675860098955209, 0.0880757293396636, 0.09601094037337966, 0.10823440051254211, 0.1289320267230325, 0.11056046768427671, 0.11825122234772817, 0.09823604929834043, 0.09372758591404372, 0.08523893814823538],
[34.91318920547505, 133.36998426804772, 0.07028784139916254, 0.08575131709628007, 0.09490011110438598, 0.10810643714257719, 0.12763931054203823, 0.11187732006732333, 0.117726690224815, 0.09902547810892916, 0.09393824529593499, 0.08570163567588136],
[8.891045897544211, 27.603522295299, 0.14863240207026848, 0.09387852930617652, 0.0918670282401291, 0.09635785966087536, 0.10767928699893592, 0.09737071755087788, 0.1011580471605088, 0.09006742460104646, 0.08565662923046866, 0.07916583774387818],
[9.792166405143469, 58.38454101093301, 0.16881766268366724, 0.08501164768844016, 0.10741615266480153, 0.07867342910389992, 0.10475158108295514, 0.0797677556576156, 0.10140314445604542, 0.08246998714632413, 0.09672062980238952, 0.08477202573938457],
[9.792166405143469, 58.38454101093301, 0.16881766268366724, 0.08501164768844016, 0.10741615266480153, 0.07867342910389992, 0.10475158108295514, 0.0797677556576156, 0.10140314445604542, 0.08246998714632413, 0.09672062980238952, 0.08477202573938457],
[26.28037422659428, 509.3598447616627, 0.14531286699108362, 0.1570154911306397, 0.11933913775136062, 0.1601842445302084, 0.13209296527573153, 0.10649891344993027, 0.08670022146205814, 0.04221112082269521, 0.03201147139395795, 0.017471735776663506],
[39.89410687105074, 1050.7426653372656, 0.14150268771750793, 0.15409698342560793, 0.11911199672841132, 0.16239985033836202, 0.13465970772877162, 0.11040147150898952, 0.08789758799428009, 0.04179021025658079, 0.031158731763356602, 0.0163519616405152],
[33.92489525981579, 606.4567248816734, 0.15509751442620526, 0.1435060936213894, 0.11545144382162581, 0.1550163673627911, 0.1339800844977305, 0.11136979881815968, 0.08784623574885288, 0.044137832815998326, 0.032968466850950236, 0.019403798457511744],
[17.230595759758533, 53.44836228674383, 0.08511924619076736, 0.07426264963670706, 0.07701769300911103, 0.09619921054228112, 0.11199940820497245, 0.11427166018073044, 0.11532723206972227, 0.10780117665970329, 0.10550151561277916, 0.10418249086119052],
[30.010021347690564, 163.95772378792742, 0.04266577969603055, 0.04598630275900163, 0.059326872754900846, 0.07433131314748849, 0.09285642548516423, 0.11186956265674838, 0.12657249794583156, 0.13981083216590162, 0.14731000703372973, 0.15035376137675713],
[20.367920239657373, 62.71551068373966, 0.07264579060988599, 0.05686072971314949, 0.07676586025141945, 0.07989132462856363, 0.09559465466955007, 0.1075210745716383, 0.11421539690655294, 0.126182756737141, 0.12922544457768637, 0.1354002827285134],
[17.641345933850186, 191.38487585200306, 0.2050388698351048, 0.17208668864382812, 0.17593570792852453, 0.13624752723770023, 0.08561482026216513, 0.05936719672507432, 0.03520021577096839, 0.0379244872261953, 0.04151324614292908, 0.050643800216438106],
[21.089291479677232, 306.1149537359474, 0.2198165525815479, 0.2008945568361748, 0.1860683043573287, 0.14858485944950714, 0.08111394104451167, 0.045862073927801505, 0.01835404481945648, 0.01893760306741233, 0.03420055066156137, 0.04377889188686424],
[9.078980779048015, 43.02295242983502, 0.19978669481038533, 0.13145202979735038, 0.11574579922290658, 0.10172485404464858, 0.08686825608922535, 0.07401607269191525, 0.07424121448083221, 0.06869372174948037, 0.06720916329292866, 0.07684950021234788],
[14.811527355823895, 91.67393819942403, 0.23034184002112845, 0.13243493336226314, 0.11394813661181492, 0.09795496715061795, 0.08411375489655375, 0.07318724847068787, 0.07332015503687506, 0.06584364534009822, 0.05836242343181449, 0.06348056296233665],
[13.49357242771215, 96.40313167350841, 0.25033886419939455, 0.13214266928038024, 0.11456059469484707, 0.09846703924281992, 0.08373848886134695, 0.0709064353873599, 0.06710496091956983, 0.06250467020574782, 0.055080974675974226, 0.05743827520681872],
[11.294395860486151, 16.152034774297228, 0.12905042663419394, 0.09845289305824532, 0.0992499159967795, 0.09446830024249758, 0.09676338849099467, 0.09468910987848442, 0.09483017643132263, 0.09650833773973432, 0.09508525336448712, 0.09443405411436273],
[10.683263831261375, 12.073018204934561, 0.12129378794331323, 0.1008614786795124, 0.10411241815538896, 0.09528258543355775, 0.09680335440312197, 0.09441239297887068, 0.09569183837481032, 0.09611281468709625, 0.09468253173414334, 0.09452385677167263],
[6.582759585366326, 16.5537450235041, 0.12640166652509077, 0.12362154541938876, 0.10810377251822248, 0.09595703115972096, 0.08264171167424834, 0.09532473457424498, 0.09445227661666136, 0.09011269245995586, 0.08520066003750817, 0.09643810717001267],
[10.660318274728597, 52.01865892266799, 0.13159085591431594, 0.11062131763767274, 0.10767880595721852, 0.09381994956870994, 0.08530505705022784, 0.09488830721769627, 0.09647423695416815, 0.08856851219819345, 0.09140869989730895, 0.0975364029859176],
[10.669289204566917, 52.57119975075401, 0.13255231066009332, 0.1056911192423547, 0.10150243963550842, 0.08727424815869639, 0.08433091246096769, 0.09008256420286956, 0.10299662870991891, 0.08969754473696924, 0.10015265084826835, 0.10197387265177296],
[25.125973336908963, 134.21572296935977, 0.047244032088295466, 0.06051942280106193, 0.0678177650492108, 0.07848363692496646, 0.10219989489002103, 0.10314179340304404, 0.12236656474404195, 0.1328442684172349, 0.13360739061141982, 0.14144326032656515],
[54.461052863381205, 821.7847862967127, 0.04522347773359078, 0.06547311862735013, 0.06555465682634952, 0.08372231581588482, 0.10304312588204312, 0.10332708547888429, 0.11974063957420285, 0.1357492828808951, 0.12897895950924598, 0.13836404549878362],
[32.10667419304537, 308.96625144507874, 0.059575414429655964, 0.08163129346036634, 0.07332927544974722, 0.08576397567800459, 0.10415266422890372, 0.10030936382609609, 0.11239913092764896, 0.1274992789162412, 0.11946012339643138, 0.126097792306186],
[7.632767365723893, 9.707881005995214, 0.11679027651746325, 0.11222353062448778, 0.09346119055521335, 0.08774266689572531, 0.09282738623225169, 0.0976877593804203, 0.09355333103998202, 0.09870097748692071, 0.1045876927579599, 0.09680156817387346],
[6.1650283710442, 3.452473885406237, 0.13591415634916415, 0.13509747552336981, 0.09657471177829055, 0.090292157053667, 0.09158082204751704, 0.08945192579133432, 0.08911975775277346, 0.0889755559283646, 0.0894473372014899, 0.08912801218614645],
[3.5986921544595574, 4.9921809448047085, 0.17476131280170426, 0.1595673839787939, 0.10209668419072598, 0.08303022361002119, 0.08019013192314302, 0.07986625851368902, 0.07978756909773223, 0.07870173903046555, 0.07895481127071566, 0.08018663559377834],
[5.255985346492332, 4.458180059070458, 0.18207392778295445, 0.10408208756258033, 0.09382399092316557, 0.09061174864247527, 0.08788446018316415, 0.08718779874763637, 0.0872047023871513, 0.08711056596362306, 0.08758858849457646, 0.08814369525993543]]
