flick = [[0.05928763548248118, 0.047131705692979774, 0.9265841906079486, 0.06126004503403463, 0.010457924831002373, 0.001037804624965975, 0.00025228024726486957, 0.0003103344612964778, 4.777775164344112e-05, 3.341479793812546e-05, 1.2252150033217475e-05, 3.8260548127428035e-06],
[0.04414088273088643, 0.02780752427658902, 0.917203749530284, 0.06747263140940969, 0.012642928432751745, 0.0013739913492408192, 0.00042955184652153274, 0.00046296660118861147, 0.00014086600222350162, 0.00010690074492030461, 8.660828101554285e-05, 7.608377600817163e-05],
[0.027055705138868114, 0.011188737453769344, 0.8600041421021746, 0.10848513281596922, 0.027213988728366167, 0.0033334610887945136, 0.00045189817370145367, 0.0002889745151449277, 9.184192953363292e-05, 6.116562822822453e-05, 3.950743868008768e-05, 2.857881128807568e-05],
[0.025998483002851017, 0.006282476694389626, 0.8250335897461757, 0.13283314588841966, 0.034476672948124024, 0.004696857483543747, 0.0010386905156825096, 0.0006470125843958103, 0.000384149473217526, 0.00031945414418176505, 0.0002864227247167389, 0.00027066877761752084],
[0.01043323481316925, 0.001417832206172541, 0.8574441200097255, 0.10526590511089703, 0.030264784013376293, 0.004465628295112796, 0.0011829020260864694, 0.0005532654720224494, 0.00027616278377726877, 0.00020824824991293907, 0.00017195062486866788, 0.00015931299427481807],
[0.012042949366739384, 0.002631218214035981, 0.9152926395202865, 0.05742850439774522, 0.02190622850570146, 0.003844637977843101, 0.0007886487529190122, 0.0003777146471720417, 0.00016643006031855597, 8.252167445500959e-05, 5.8933031390736113e-05, 5.122247910733382e-05],
[0.014843114997225765, 0.003962726541658605, 0.9152894551821916, 0.05365779012582118, 0.0219908604444427, 0.004657817435306389, 0.0013681733846586902, 0.0008898119023189969, 0.0006417030477272289, 0.0005253517316089718, 0.0004876554604154486, 0.00046837261730894647],
[0.00903326887368987, 0.0015563929530804442, 0.9012417356909505, 0.07069343513989845, 0.021209362020798265, 0.004267716161165247, 0.0012202916145092437, 0.0005850699131676278, 0.00029687953249906064, 0.00018577273345489863, 0.00015941419245877245, 0.00013429427917161947],
[0.005804037730384676, 0.0005576631990292201, 0.862300596974909, 0.10330881330260999, 0.02641902232278241, 0.0037628783279290002, 0.001728387252467507, 0.001046568970253806, 0.0005183552696811528, 0.00032920447176559977, 0.00029625110753524837, 0.0002764120184349215],
[0.006558944931442545, 0.0006819938514700778, 0.8882818078691056, 0.07121036363635891, 0.0296440963035365, 0.007266313798338722, 0.0016475266290173797, 0.0007874001657727258, 0.00041218780959630677, 0.00028587636856157396, 0.0002365474702054939, 0.00021709782254338963],
[0.026060302028027785, 0.0067009973820417535, 0.8899438164371285, 0.06205563363735733, 0.03753188432338039, 0.009137132139707347, 0.0008158462850507536, 0.0002881095582958771, 9.262205070717787e-05, 6.154091700164158e-05, 3.953823401280176e-05, 3.22127189184463e-05],
[0.031886264549751166, 0.011182525762281442, 0.8780319056646986, 0.07199592012021469, 0.038633396618113595, 0.009282709238081147, 0.000967521307655964, 0.00042805605774439163, 0.00021107227722160592, 0.00016978403064850622, 0.000141648166238414, 0.00013148005080291993],
[0.057538431188417706, 0.04234704143132434, 0.8820481702788171, 0.08051039937620189, 0.031667499461867483, 0.004235224789869304, 0.0010380954051631152, 0.00030231993737773343, 8.107566914511333e-05, 7.05686786318874e-05, 2.5005506462562276e-05, 2.0642816160211863e-05],
[0.13389185072679613, 0.20440468043153107, 0.8932326769246526, 0.0708367595495141, 0.029059605487437752, 0.0036839892443669957, 0.0015076443795558185, 0.000553213438742043, 0.00034387900963535524, 0.00030341526358466985, 0.00023921237192562117, 0.00022831958416528122],
[0.12259943907195253, 0.18237359880835052, 0.898078130469922, 0.06911844263866318, 0.028037291178323986, 0.0032227437712833, 0.0010602256699695906, 0.0002461930215659135, 0.00010131021583765298, 8.713057291462857e-05, 2.5939322250597002e-05, 2.154289564161592e-05],
[0.10882012199878512, 0.19808145267598606, 0.8979823858901472, 0.0753475445393548, 0.02287400523453362, 0.0030691028624620646, 0.0004382127578974977, 0.00012543375516799751, 7.609308192626732e-05, 5.5449688798509885e-05, 1.823711016938983e-05, 1.291271941017799e-05],
[0.16090740469587467, 0.28990734824846065, 0.8993590400111848, 0.07668602658875477, 0.020473965801954503, 0.0030786219498090887, 0.0002413483665359229, 6.009587627101932e-05, 4.692684969060067e-05, 3.687044858467467e-05, 1.0857776322801714e-05, 5.948598001828138e-06],
[0.19529029412348176, 0.39569446908238426, 0.899323151255142, 0.07608081122206674, 0.02045585762714656, 0.003294915511716054, 0.00034959409218468984, 0.00014478405631724982, 0.00011666819959395743, 0.00010002427318321568, 6.926398870046279e-05, 6.186209486300657e-05],
[0.18098406081292945, 0.43592900897748094, 0.9084257527269053, 0.0649896913595981, 0.02227605248873004, 0.004049353292930093, 0.00014074908853956383, 3.8941614375649434e-05, 3.2187943050324906e-05, 3.082160849189851e-05, 1.1407993998644265e-05, 4.814283862788413e-06],
[0.2778433382801298, 0.8960385985806713, 0.9080120757638792, 0.06373002011560505, 0.023507159363226865, 0.004558063733716414, 0.00010280902769639995, 2.5322997447662672e-05, 2.8817995562123485e-05, 2.5860157450485792e-05, 8.813081017982345e-06, 1.027834787081997e-06],
[0.31777185080289144, 1.2572403030616621, 0.908269128419981, 0.06263723236443973, 0.02415038464103032, 0.004719570178314288, 0.00012104845821938047, 3.197689759201762e-05, 3.26881485329436e-05, 2.586418920822746e-05, 9.998266705224073e-06, 2.0337285696136253e-06],
[0.26192689558526616, 0.8059287805065272, 0.9089370537322993, 0.07418933548354549, 0.0133837556585594, 0.0030359426377109962, 0.0003414031708538203, 4.793383302600954e-05, 4.190976078410556e-05, 1.7373004204395114e-05, 3.950704904206063e-06, 1.2667560013994597e-06],
[0.285218901427447, 0.8558138527825133, 0.9128653127959555, 0.07124968631208647, 0.012426374894735666, 0.002937534984677104, 0.0003707327439289652, 6.552942258498426e-05, 5.1027599912933794e-05, 2.19836128824549e-05, 6.865918098556513e-06, 4.709151380578984e-06],
[0.42453422065085583, 2.0085756189021087, 0.9190469447678247, 0.06514136609805726, 0.012187816731658157, 0.003372894776847788, 0.00016720407424282132, 4.000923474987445e-05, 3.0459162574361485e-05, 9.960429242412188e-06, 2.030477251744827e-06, 1.2433025750114427e-06],
[0.4796811512165926, 2.4710748631173813, 0.9183766441140289, 0.06519068041626493, 0.012630639165564707, 0.003509284406405861, 0.00019089669436494802, 4.838210205427648e-05, 3.371146664684856e-05, 1.0974381448626446e-05, 4.731765228708738e-06, 3.856616405355517e-06],
[0.4287658972417827, 1.8344875111913468, 0.8955360777856284, 0.0865459791691957, 0.01510567159972576, 0.0023763486596750844, 0.00033454203118670834, 2.9797343321392186e-05, 3.8078831598767973e-05, 1.9564286843094115e-05, 7.251081822115428e-06, 6.375473963701681e-06],
[0.5406643698796612, 2.9921845940735676, 0.9006518218135231, 0.082209209914752, 0.014536252966609185, 0.0021680040865962925, 0.0003383568122175572, 2.9576731620323985e-05, 3.484437169660236e-05, 1.795936471781949e-05, 7.197532533654226e-06, 6.444219765693764e-06],
[0.3318133586464941, 1.5425961026082449, 0.9038998657234537, 0.08430791883873841, 0.009745725514156714, 0.0017353614669070013, 0.00023672390593070124, 1.9717699865980454e-05, 4.010047751366098e-05, 9.505318996914958e-06, 2.868497417807117e-06, 2.1096350068518227e-06],
[0.3859242392604343, 1.5432236404792643, 0.905081485940229, 0.0833502747122872, 0.009227622741095091, 0.0018267582191747152, 0.00028923671911636683, 6.43699555852618e-05, 7.823253890710208e-05, 3.66196085194188e-05, 2.3054812516879977e-05, 2.1113160481281902e-05],
[0.18302756768112624, 0.40697195513664225, 0.8633377754491863, 0.10460191643709801, 0.02112025196800717, 0.0050114486679085435, 0.001887173651848596, 0.0012090209119498504, 0.0010269093433641994, 0.0007140808752325793, 0.0005428541367759279, 0.000521050324959262],
[0.15411816023274147, 0.18781601596465225, 0.8079229780755052, 0.13111270536121886, 0.03850484547522502, 0.00941376592109658, 0.004019190655357092, 0.002711857374911308, 0.002281390074953215, 0.0015853058440044787, 0.0012149538808202305, 0.0011724450901739504],
[0.06552209565149042, 0.036886369375583566, 0.8134535942027471, 0.1261856307832734, 0.03810757652364013, 0.009471456771305266, 0.003918160345537516, 0.0026970223925865413, 0.0022372870853401036, 0.001542012319896798, 0.0011828618838924173, 0.001144885330814024],
[0.04100661734175463, 0.019340067914243406, 0.8897907373532186, 0.08580335011418125, 0.017256144764840897, 0.0047138571043116775, 0.0009469313378435675, 0.00048575613933283764, 0.0003552390034058598, 0.0002501086607090173, 0.00019941670432906908, 0.00018839150677912338],
[0.05291139454510683, 0.03292279201843126, 0.8970318728941451, 0.08287491672344514, 0.014852622963058114, 0.0036826588148107155, 0.0007260362433288195, 0.0003095185670287673, 0.0001729620077800557, 0.00013975398608998617, 0.00010601201600792742, 9.879754345621336e-05],
[0.019168845128717096, 0.006548952938838613, 0.9099838807058687, 0.07125989070369433, 0.01365174788391489, 0.00326654531623088, 0.0009214640842795018, 0.000412119362910395, 0.0001727442480021328, 0.000137034516344366, 9.987936383609279e-05, 9.027392595509967e-05],
[0.014984751530242485, 0.0033218496404901904, 0.9257873941124708, 0.06261641087135297, 0.00797464819956471, 0.001687505315843507, 0.0010607661346879332, 0.0003414609669584224, 0.00019992023741739043, 0.00013242727298753886, 0.00010138848131672091, 9.359708672673005e-05],
[0.016520714106845916, 0.0037307908072878064, 0.9190868885064988, 0.06733446356628209, 0.00948262078526155, 0.002035249138275582, 0.0011297560357848063, 0.00033415613242899323, 0.00021932040814776969, 0.0001470099477645952, 0.00011631545517946377, 0.00010885900541118553],
[0.016698353535302808, 0.00318660905884757, 0.8618007484102452, 0.0983398622910114, 0.025621398097219465, 0.011999776714775168, 0.001469026801329513, 0.0004261838656078954, 0.0001597713385396119, 7.984650783787025e-05, 5.615223794096792e-05, 4.481520059522692e-05],
[0.026005599434150345, 0.005110527363833571, 0.8229482626170684, 0.12033663239325024, 0.034275658775840025, 0.017768844915503852, 0.0019694339948937508, 0.0009402220898925282, 0.0005540387664167847, 0.000439788580469469, 0.0003860494496350167, 0.00036310300047440007],
[0.016330534739325782, 0.0027468429998168276, 0.8443537277990613, 0.10626346166300372, 0.030979116777590528, 0.01549268871511365, 0.0014683279350681555, 0.0007301075178522581, 0.00028048338293816343, 0.00016963183300107765, 0.0001378674963888809, 0.0001186331821228131],
[0.03385061861108154, 0.015401224870227926, 0.9223961114011952, 0.05263681481586363, 0.019395394032422374, 0.004064948050163764, 0.0008985356592654533, 0.0003182575156183192, 0.00018763046397293846, 5.035785212514899e-05, 3.0317165864063906e-05, 2.0649602022995642e-05],
[0.046175714836974184, 0.029405417709174892, 0.9252944253692102, 0.05000533887399968, 0.018712457049355494, 0.0037551859596253344, 0.001042128874200274, 0.00041381916673095446, 0.00032161521660447516, 0.00017201789749381942, 0.0001438434703226974, 0.00013259730265659356],
[0.032884311722303085, 0.016854671722786714, 0.9248547146357396, 0.0507315922826316, 0.01885409549647389, 0.0037695967020456734, 0.0009561163199984742, 0.0003332214421308058, 0.00023872688570132874, 0.00010719165062706363, 7.879689195770935e-05, 7.236942370104248e-05],
[0.013786890393361758, 0.004148474327648913, 0.9036455721833214, 0.057015643062704235, 0.02845964877182448, 0.007214417643379762, 0.002478058573546462, 0.0005355848351260783, 0.0002893695594627958, 0.00013890159454141334, 0.00011694342121485487, 0.00010090837955148451],
[0.012046943211654284, 0.0019147168164244505, 0.8765064846571251, 0.07136554738340994, 0.03694870925251715, 0.010108464368720812, 0.0034793306437239813, 0.0006328778710995232, 0.0003699110450131415, 0.00021523275086759116, 0.0001902974382325669, 0.00017459588135491526],
[0.008539637726617715, 0.0009580043146368032, 0.8779536813879878, 0.07972739218278525, 0.026805203512666995, 0.010269795116560102, 0.0025987669818612912, 0.0007631582397881567, 0.0005730589410590336, 0.0005071034997469943, 0.0004026084652294061, 0.00038045502659865294],
[0.011711218478940447, 0.001408606526646724, 0.8234931988305925, 0.09106588902398635, 0.03501814207714105, 0.017560354792943465, 0.008771366358274652, 0.006034648841402104, 0.005098736527192525, 0.004545405938531635, 0.00418018679931927, 0.004031635642829171],
[0.04647596177796535, 0.02996112354152322, 0.8671681221358873, 0.08693091670417141, 0.03484577940834642, 0.008544099160256655, 0.001605969789218064, 0.0005608830288077073, 0.00011491499508988834, 9.767847494657261e-05, 6.717412526746268e-05, 6.144789279001182e-05],
[0.0955762026845426, 0.12783013571343338, 0.871543014808257, 0.08323827710510452, 0.03386298444157397, 0.008462577903215413, 0.0015997430058253407, 0.0006703635852432715, 0.00019160914937787373, 0.0001687406125557785, 0.0001318249587693279, 0.00012470648657788013],
[0.055700771452578096, 0.057188728063272555, 0.8788340004527238, 0.08450954890756926, 0.027476422338571758, 0.006927947080162375, 0.0013344094723803867, 0.0005564892468411433, 0.00011900872686741604, 0.00010192624948842154, 7.078911785241004e-05, 6.620495666068683e-05],
[0.052156689321562505, 0.04166416835979896, 0.9120761014596003, 0.06762037742135375, 0.014767872322783928, 0.00395939277075593, 0.0008964934158733468, 0.0002775416435202596, 0.00013113425429624949, 0.000100404731974063, 8.60917132917115e-05, 8.056932950450581e-05],
[0.05828056608298715, 0.04564896851417716, 0.9238954619373024, 0.05906302621654236, 0.012548100547054485, 0.0034218972587713764, 0.0006945824731141552, 0.0001633571384745147, 7.286969039540106e-05, 5.187402301714286e-05, 4.549550552541012e-05, 4.1250972938115185e-05],
[0.03814825339739118, 0.021090485331235337, 0.9227695911718854, 0.05773872990124195, 0.0133260934918482, 0.0038489719448409256, 0.0010602860255323299, 0.00040177300100420303, 0.0002587736132763001, 0.00021234867782015076, 0.00019283019408910694, 0.00018148049527071363],
[0.009473939358529105, 0.0010003191183154952, 0.8397002282886624, 0.09348522126917061, 0.04314557050981921, 0.013031825987784634, 0.00589901376132896, 0.0015150883131167152, 0.0009905539747810338, 0.0008053377528498948, 0.0007145767563353283, 0.0006791206701475999],
[0.017016777804407905, 0.0021443502319362937, 0.7571588004450398, 0.1350556619887102, 0.036064293604438254, 0.018762507164007274, 0.012478041461599101, 0.009934269103335707, 0.008882441632593463, 0.007511879877397462, 0.007052360678672941, 0.006740638020626267],
[0.08721401585278332, 0.04310792238143984, 0.7195847488016949, 0.13994207688815988, 0.036828192247154556, 0.024105575027496474, 0.016796589787794337, 0.01500190685946083, 0.013780755639115972, 0.011763183996486078, 0.011044954007391828, 0.010613359384255519],
[0.12516183465966713, 0.08940395065660499, 0.7165724660802703, 0.1393157148909477, 0.03754617325749793, 0.024818484363099778, 0.017115596908552615, 0.015389487822273881, 0.014202537381009895, 0.012142107142968862, 0.011378915627523155, 0.010963043107456499],
[0.05469174901957324, 0.027817673920897564, 0.7696423554792322, 0.12121316544940124, 0.03442387594104329, 0.018113671454853725, 0.012270261500453494, 0.010777655113243384, 0.009707709676754547, 0.008280258119595436, 0.00775400480666027, 0.007435607304608987],
[0.06717314794201959, 0.05548391137972581, 0.8847908252279792, 0.08507348030867001, 0.023424555768028713, 0.0032631795516360586, 0.001187348775287602, 0.00072415628663017, 0.00048651518648970896, 0.000381219845113769, 0.00033452050878334335, 0.000316634119931909],
[0.05790525128460356, 0.04789633624705665, 0.8897881324585996, 0.08163033727118862, 0.024345896597406082, 0.0029450648487879417, 0.000633165267025027, 0.00035839114168783264, 0.00015363969030151575, 7.21154354580559e-05, 4.0999072946460435e-05, 3.071360494751499e-05],
[0.03818071865281237, 0.02233708758458259, 0.8662925885407488, 0.09034827975852609, 0.037357804962471916, 0.005255373730064178, 0.0003795609481719325, 0.00018905122378032134, 8.481849313864777e-05, 4.7893660678656014e-05, 2.442286952822135e-05, 1.9234845537387308e-05],
[0.039571904085814805, 0.015941210598103855, 0.8297352391730649, 0.11134346574927209, 0.046169227938377244, 0.00797860549291933, 0.0013089528294228496, 0.0009611736687083182, 0.0007381507068306397, 0.000628995631178183, 0.0005679760259085817, 0.0005415805636086118]]
