rubb = [[0.028199641457679094, 0.0016463887340381201, 0.44254953003139447, 0.20993272638038052, 0.09314653602314701, 0.05818815477899044, 0.04474783778456194, 0.03783757852959469, 0.03154404235824065, 0.02848545942949621, 0.02657975293028922, 0.025710447334064905],
[0.031738821615829235, 0.001716107870159129, 0.41329131534260727, 0.21250011909088434, 0.0952808777137554, 0.06333558446632868, 0.04898860167558851, 0.04062067854374742, 0.03497728780677987, 0.031552797536219916, 0.029493827719273585, 0.028540135925288906],
[0.014663502316891558, 0.0008414865214305567, 0.5350011459058739, 0.23828785978191827, 0.06819260528606012, 0.037733157814611486, 0.028027625553787586, 0.022922086049273375, 0.019502110999820094, 0.017495110842203804, 0.01629491918046644, 0.01576007325525488],
[0.023070609034957824, 0.0009538913967330287, 0.3996645072864814, 0.2079114058373029, 0.09915613476997377, 0.06638541305811103, 0.05160455347373115, 0.04275459179042029, 0.036790484738371716, 0.03317403641950294, 0.031038053506297104, 0.030028259976589013],
[0.03853376165516397, 0.001562411451919846, 0.3495491531917361, 0.19142477938721933, 0.11037926459913322, 0.07826943230006324, 0.06125341343851805, 0.0507766307528624, 0.043920548455912055, 0.03963424095411334, 0.037103777891253374, 0.03590333421441758],
[0.06792669351019344, 0.0005925023078919893, 0.17281941101700202, 0.11835507338857265, 0.09851361479857644, 0.08902285528867943, 0.0878720033243329, 0.08665106190809382, 0.08615608475037774, 0.08548705132585256, 0.08538423829339774, 0.08539763774050484],
[1.3846940402421755, 0.01239710375446196, 0.11187754890874904, 0.10268043054716063, 0.1001518678813268, 0.09743754019673621, 0.09752376896202332, 0.09740634473266126, 0.09714977818645408, 0.0969044813640211, 0.09700258051076704, 0.09701295092452293],
[3.8512229742465665, 0.03464810810176983, 0.10461294940350611, 0.1017868506095529, 0.10096506133962638, 0.09837695652933333, 0.09863333327268857, 0.09846565765466771, 0.09817357596088358, 0.09795363677562391, 0.09806167991830735, 0.09806664743875931],
[3.619128744653997, 0.02953256523494553, 0.10409207034980074, 0.1017812922498664, 0.10120127992593402, 0.09837864726593355, 0.09870812971687606, 0.09851376456142297, 0.09821340495261242, 0.09799735410119116, 0.09810425687630414, 0.09810686784460425],
[2.348713249580064, 0.02501175732960561, 0.10939235426791843, 0.10292209188413004, 0.1008242475327384, 0.09744226380151054, 0.09787671203488617, 0.09765726371434529, 0.09735986978436646, 0.0971468627509954, 0.09725714168939921, 0.09726013293442463],
[0.2530755828370605, 0.005097738740302855, 0.15727030249824245, 0.11679848322897056, 0.09956208071951572, 0.09325899753205272, 0.09165754754413336, 0.08894080439125467, 0.08785591381802671, 0.0870155312895504, 0.0867447748834757, 0.08640677525264819],
[0.03727601920430528, 0.0024626274012944367, 0.4275981409919661, 0.19390364798023355, 0.09335123907712668, 0.06463994241435934, 0.05051172717720076, 0.041645093202710565, 0.035711559356748496, 0.03209707513117681, 0.030038974979692917, 0.029057297053194358],
[0.025454858576872377, 0.0016557152036778663, 0.4450212468283901, 0.2095556855320984, 0.08716887727866049, 0.05948883100722264, 0.04523821582994761, 0.03810750164889349, 0.032223959199398966, 0.028849186095614432, 0.02696953071722357, 0.026080858988967264],
[0.012653339143078122, 0.0014248348463630173, 0.7304423253763281, 0.14464254323755593, 0.04071184484605838, 0.022532021402130762, 0.01535773939601536, 0.012369111728432785, 0.009931973433361083, 0.00839303029896949, 0.007758666029298224, 0.007487511760355986],
[0.012110898866101298, 0.0010703735585820343, 0.7515190516550213, 0.11651681031028556, 0.04215468972207018, 0.02263773652095802, 0.016508090300105974, 0.013255556391263117, 0.010873028799495765, 0.009286408245112385, 0.008565114960098381, 0.008272808725788113],
[0.020483150432688512, 0.0018237669493223361, 0.5735820354936071, 0.13547104294571666, 0.07732007891173605, 0.04874253806045355, 0.03782556251527318, 0.031974926270243904, 0.026742363594213805, 0.02373941890759083, 0.02213069153138016, 0.021407225690453585],
[0.02625668275609136, 0.005055489231338427, 0.6400588097760448, 0.12394752207720289, 0.06641777467860546, 0.03855768106363135, 0.0312806061204352, 0.025388205710455098, 0.020913142425351236, 0.01843778241681958, 0.01729877283407627, 0.016860166156492603],
[0.02477407382444375, 0.00646071977044696, 0.7153492123843525, 0.11839030370495636, 0.05418617365165167, 0.025459547169558925, 0.02187935541099837, 0.016798608685195806, 0.013669639911031732, 0.011961582043275703, 0.011101108276466024, 0.01068479715258677],
[0.042278790154127895, 0.006823494552784487, 0.4857752860234729, 0.1824073154695672, 0.11024185201162333, 0.05054193595067953, 0.038696018742443654, 0.03264349423144841, 0.02763984743543377, 0.024731983904858437, 0.023698036494906528, 0.022532259736438864],
[0.07316691512610604, 0.012314123968474864, 0.3646033983760961, 0.2159226081691803, 0.13702593886356448, 0.06451680182054671, 0.04821415811111956, 0.04150435359101143, 0.03526370025269123, 0.03187365904426887, 0.030614228264783102, 0.02902777896223078],
[0.06186611743994351, 0.013838650052195662, 0.49632817121687656, 0.19548372033248515, 0.09811506264102952, 0.04942213724327484, 0.03626231335036023, 0.03052284637045349, 0.026027636570558833, 0.023401502899901207, 0.02234094492404903, 0.021239321631123402],
[0.06314088066912876, 0.0187640198563841, 0.6432236003284744, 0.1586847055022281, 0.053144094749310186, 0.0350720510026058, 0.025204985184569092, 0.020808878746668823, 0.017729115811840265, 0.016055867927984618, 0.01504128963872564, 0.014487962469838064],
[0.05577716164875274, 0.018458027913450442, 0.7076333242038539, 0.14231241986241674, 0.03948274256112213, 0.027098411599952417, 0.019406981104019155, 0.015768572418358204, 0.01325367938270179, 0.012124588498307921, 0.011366127476679432, 0.01099285898138101],
[0.04303129729521794, 0.01755580518416086, 0.8017484963108676, 0.09585715610657676, 0.029088709193080684, 0.017818966955574108, 0.013502774757310288, 0.010679697412236547, 0.008701356395002004, 0.007893918857116345, 0.007289224058101482, 0.00708694700149502],
[0.08310628712413863, 0.026064474861433706, 0.4927691655134641, 0.19002021240131417, 0.09681248539283736, 0.060445355996487676, 0.04335758730627066, 0.0324312953593681, 0.02563405265083394, 0.02130161427124035, 0.018757885706048957, 0.017597876718763537],
[0.06213741719689351, 0.014688954008721214, 0.4791725764971866, 0.2336465190471211, 0.11776186264150368, 0.06381391062279695, 0.0390547048553118, 0.025451250219658713, 0.01667177680932186, 0.010725224919229616, 0.007461721016303955, 0.005946513365131717],
[0.08295579546319197, 0.009740404185611198, 0.3877672001184358, 0.18222011230492513, 0.10524669684982065, 0.0738948572445706, 0.05728382569140737, 0.04730352932334173, 0.04081692418392385, 0.03660172522356434, 0.034185760052265, 0.03303718114776146],
[0.04835668031731828, 0.007294039680941954, 0.5066861758154895, 0.17542535500639012, 0.07812261205837442, 0.054344025199542276, 0.04220971035205016, 0.03473754463428892, 0.030160190771724375, 0.02713369716125072, 0.02539156288628014, 0.024567947588006206],
[0.02457390154238597, 0.0037555696908306243, 0.6747954129670334, 0.17404256458198253, 0.04982594309688734, 0.026838503099695456, 0.017733760200958047, 0.014049960069609348, 0.011952524143891386, 0.01067316300294314, 0.009969661387794327, 0.00963899490436815],
[0.027664137896332167, 0.00722262392566188, 0.7069077409126061, 0.16769709275109132, 0.04372675664920745, 0.022139314103932117, 0.013929334295894165, 0.011328859367915691, 0.009579232990875187, 0.008573185587403297, 0.008000194116576374, 0.007734684755922866],
[0.04135565857396751, 0.012264201765408165, 0.6266626508663153, 0.1721513446585697, 0.058957895791241374, 0.03301548707818315, 0.02488024058451379, 0.02048461934436952, 0.01777362660208542, 0.01597811069000029, 0.01493422378046665, 0.014443183513106925],
[0.06391199942640345, 0.012213754121115014, 0.4850276407415892, 0.1762813196059762, 0.08545974382456435, 0.05702324469692271, 0.044447174996652176, 0.03675080647611654, 0.03192216642609295, 0.02878805572829266, 0.02693868333809394, 0.02606564439316915],
[0.07736841317429054, 0.01185222915790758, 0.43849841880112644, 0.1639809551008214, 0.09618892583698868, 0.06769572707351776, 0.05284395870153444, 0.04377634273006698, 0.038014707654097826, 0.034294542609375644, 0.03209867087071372, 0.031063310154530527],
[0.15565237394778003, 0.037424839104876435, 0.3952047182873331, 0.16274196862367568, 0.10469513844536751, 0.07554141888185141, 0.05910030049385756, 0.04902843989462892, 0.04259907875967489, 0.03847953251762181, 0.03601980005623991, 0.0348567050182593],
[0.12475324676496337, 0.03900212209949925, 0.4360172939597301, 0.15357456122528518, 0.09722598375290771, 0.07033598723815687, 0.05480647787707992, 0.045466686813277625, 0.03951285686505127, 0.03569809360018789, 0.03341863519950936, 0.03233581969431066],
[0.11893559383994842, 0.05120525567891632, 0.48196643625864977, 0.14391855963345362, 0.08967746333465233, 0.06396766513070005, 0.04981514958824212, 0.04127740872580815, 0.03584634737966199, 0.03239852175718088, 0.03032576113691569, 0.029347637153816178],
[0.11602645996436489, 0.03262742823778065, 0.4463649009170678, 0.15129897194268616, 0.09738877301232711, 0.06850133169261657, 0.05349977405805059, 0.04427387672965539, 0.03841734735140834, 0.034733453549383404, 0.03250383055130501, 0.031454028998004854],
[0.07719110874180443, 0.008119802141986168, 0.3861955517412849, 0.16732180386432144, 0.10818744062864581, 0.07581703672031628, 0.059409965094378556, 0.04918920770428822, 0.04265181022524944, 0.03853264561317681, 0.0360620931725862, 0.03489745008127227],
[0.07594671391537904, 0.005972140146493518, 0.35759569741607566, 0.17594713982671206, 0.11230109597769172, 0.07916562136439032, 0.06219115607570945, 0.05160661913702085, 0.04468910316527217, 0.040354728445199085, 0.03777603706629395, 0.03655521069636441],
[0.030734904645491005, 0.002027643433438058, 0.4781935951989429, 0.15628848391498024, 0.09414782684032769, 0.06141520693257633, 0.047750514500241016, 0.039515583646841365, 0.034091524592235564, 0.030703948869611856, 0.02872252999584149, 0.02779017213393483],
[0.01958524522158759, 0.0022047147155482864, 0.6971151029751693, 0.13099492918817013, 0.05411481731964121, 0.02887844658224122, 0.020646724071610292, 0.016874598209415514, 0.014395305351868783, 0.012839223642436049, 0.011978535215834581, 0.011584759979142498],
[0.028654836588808068, 0.008327406540768627, 0.7176511708814464, 0.12016633477964116, 0.04662537235734886, 0.02801248956966512, 0.020205762077343942, 0.01648380656502529, 0.014178021435988166, 0.012727103602779438, 0.011884703487598718, 0.011494091474189696],
[0.031415314549870454, 0.0065934328176860384, 0.6275609020178191, 0.1536719440950361, 0.05995146103219551, 0.037444654083445245, 0.027814806703755794, 0.022767158418554638, 0.01970214354190152, 0.017718868741614192, 0.016555785021518235, 0.01601552182734258],
[0.03599826397312515, 0.00412860977430407, 0.504803855353313, 0.18237640311301476, 0.08326738938479702, 0.05272743724462195, 0.04017543810586172, 0.03315422850929499, 0.02871335104805095, 0.025910014738648186, 0.024248614109703154, 0.02345747323346428],
[0.06027308479966892, 0.0047707624989284285, 0.3879854647353909, 0.18461669657537613, 0.10558598293620218, 0.07252095948460488, 0.05641733991876247, 0.04668201859006243, 0.040520539810049, 0.03660718240872571, 0.034260571692212506, 0.0331543999889705],
[0.08966580188690064, 0.008946003666192586, 0.36500256765306854, 0.18010118079225787, 0.10970359145300816, 0.0773949353964742, 0.06063244018681117, 0.050102099830449914, 0.04353845423957023, 0.039320322725783806, 0.03681214389223295, 0.03562142170423958],
[0.11977275348754321, 0.015350354873362289, 0.36598627440047127, 0.17478720122873895, 0.1099209013952997, 0.07820002212464953, 0.06130561956127731, 0.05076155910377373, 0.04408478494625309, 0.039820642600864035, 0.03727197517003733, 0.03606785485192356],
[0.09841151268297309, 0.011445410682125994, 0.3748357765669193, 0.17077859950562735, 0.10740652370941814, 0.07755330294207746, 0.06084690628160765, 0.0505047076550418, 0.04382231067678742, 0.03958898164302581, 0.03703755499604115, 0.035843331256216776],
[0.07458394345354659, 0.008409725657640652, 0.4098667350413096, 0.15969198808593005, 0.10151943782023479, 0.07357968906359895, 0.057676954691388206, 0.047877537166399385, 0.04152433914163688, 0.03750901886060833, 0.03510456111493894, 0.033961937066929314],
[0.05736453663337807, 0.012726020496101888, 0.5239602631717609, 0.1300133847842174, 0.08275244401528599, 0.05810923021097346, 0.04624997611423798, 0.038701699025476106, 0.03342009148099486, 0.030038108099894125, 0.02811432200116593, 0.0272933896485949],
[0.049225471344330196, 0.01952442356045013, 0.619298567325251, 0.1111160851946907, 0.06574450017603797, 0.044596398051338214, 0.035925033159783064, 0.030147451399753764, 0.026001512983634067, 0.023224595845141527, 0.021750120442666436, 0.021129775263888182],
[0.0732823389418026, 0.028278892723320407, 0.5114591621755327, 0.1334610796794216, 0.0845035572852189, 0.06038346264928178, 0.047428551957460104, 0.039430474587051345, 0.03421369338258572, 0.03086953223328257, 0.02888360756467051, 0.027976104435200655],
[0.0772289587309293, 0.019049025382966517, 0.47063522106459804, 0.14208938612758384, 0.09114049524947643, 0.06606630465223151, 0.05199938729432963, 0.04314048731064388, 0.037380209883799746, 0.03378685480762885, 0.03164496216420042, 0.030596220264092883],
[0.08460432194668707, 0.016509170269791772, 0.4541163129248151, 0.14615013663796644, 0.09398673588088068, 0.06822086763616475, 0.053663193270533774, 0.04450441103158272, 0.03863091599798915, 0.03488661721277175, 0.03266202308944692, 0.03160745009877534],
[0.03629294170130907, 0.00805906050643964, 0.5993819311997604, 0.11515228552821455, 0.06837853743855074, 0.04869881712916078, 0.03835311982138429, 0.03158001911754544, 0.02731911659556192, 0.024643286911762048, 0.02306792949905353, 0.022315762412290142],
[0.06043368691185952, 0.008413602766232752, 0.44197829810386335, 0.15033828849799627, 0.09630348859655329, 0.06970971224990281, 0.0547584547686413, 0.045292061959436115, 0.03927291536635252, 0.03545504642262941, 0.0331849674895867, 0.03211045188070437],
[0.0752424420383815, 0.01048802378560579, 0.4131645666734751, 0.156926584601184, 0.10144399286080806, 0.07378577418351841, 0.05760485529595961, 0.04774920734829425, 0.04142090198578458, 0.03737771411187527, 0.03498935207742764, 0.03385385222244518],
[0.08803668239832145, 0.009887041822182295, 0.3715821564448907, 0.1685378389459706, 0.10800856710849975, 0.07869948373470458, 0.06170934282275577, 0.05121934971357145, 0.04443256459616781, 0.040120560431673724, 0.03754889704458422, 0.03633481385176242],
[0.008924702270162059, 0.0005861144302704251, 0.74589334462779, 0.11526917346374758, 0.03941547169762363, 0.023915430507487467, 0.017903254502722944, 0.014932095148172437, 0.012296636868644111, 0.010588682987251359, 0.009842653471811506, 0.009472702154851532],
[0.08391494320232216, 0.006626832260600164, 0.3485866178592447, 0.1727124095310564, 0.1119766920847566, 0.0817296216407117, 0.06427492875013187, 0.05343248180211177, 0.046408070660446964, 0.041870108868195054, 0.03919409832984741, 0.037929292082980494],
[0.02683148795339648, 0.0014916301792850125, 0.4483657204988183, 0.15702544464095144, 0.09501663698869085, 0.067502565925914, 0.05249778700846789, 0.04375253353042321, 0.03778359242652282, 0.033996103158186415, 0.031784124613983285, 0.030746956319883573],
[0.06364481031469688, 0.004962685841485392, 0.3730131039093132, 0.16854616238236267, 0.1084084973650976, 0.0783873812586901, 0.06134326433271526, 0.05094128977337462, 0.044177189157735455, 0.039901021085093344, 0.03734604626494075, 0.03613936928021012],
[0.0509508304517191, 0.004985639945502449, 0.4329661938195281, 0.17402061065477412, 0.09511321817600442, 0.06706851319623836, 0.05237864479130299, 0.043250815552899564, 0.03749476967111032, 0.03384693173997471, 0.03168015768104384, 0.03065599454359006],
[0.03873066268981299, 0.006216677219005456, 0.5621916113498194, 0.17012062539312167, 0.06875006511364413, 0.04497037025276309, 0.03512476172432079, 0.02891059271892116, 0.024970378792996916, 0.022522208032113515, 0.021057061723706322, 0.020369955545440233],
[0.03708929216336486, 0.014392573552129374, 0.7630419855434485, 0.10086872652041066, 0.03714865436400762, 0.023079195445830814, 0.017505636743991304, 0.014286781322499695, 0.01226985358571484, 0.011042823809752536, 0.010300426524891894, 0.009960681484768953],
[0.03865871375604721, 0.021966204721768502, 0.8539328209808162, 0.070399323255754, 0.0220254345020159, 0.013153743184849796, 0.009506288301868825, 0.007625843694040662, 0.006513983841020719, 0.005848336879825484, 0.005459900265212066, 0.005272238407466107]]
